0.50000000		0.00000000		4.30000019		8.00000000		34.58056641		0.00000000
0.50000000		0.02300000		4.30000019		8.00000000		17.44489098		5.90962029
0.50000000		0.04600000		4.30000019		8.00000000		27.57358551		2.95808554
0.50000000		0.06900000		4.30000019		8.00000000		33.71347427		1.98514092
0.50000000		0.09200000		4.30000019		8.00000000		28.37660789		1.48611653
0.50000000		0.11500000		4.30000019		8.00000000		29.36301041		1.18922198
0.50000000		0.13800000		4.30000019		8.00000000		30.04185677		0.98976845
0.50000000		0.16100000		4.30000019		8.00000000		31.75185013		0.56021321
0.50000000		0.18400000		4.30000019		8.00000000		31.98520279		0.48994607
0.50000000		0.20700000		4.30000019		8.00000000		32.15338135		0.43583494
0.50000000		0.25299999		4.30000019		8.00000000		32.57476044		0.35733563
0.50000000		0.29899999		4.30000019		8.00000000		32.45916748		0.30180731
0.50000000		0.34500000		4.30000019		8.00000000		32.84217834		0.26253486
0.50000000		0.39100000		4.30000019		8.00000000		33.60882950		0.23098744
0.50000000		0.43700001		4.30000019		8.00000000		34.24386215		0.20719819
0.50000000		0.50599998		4.30000019		8.00000000		35.24176788		0.17894983
0.50000000		0.57499999		4.30000019		8.00000000		35.65339661		0.15760373
0.50000000		0.69000000		4.30000019		8.00000000		36.71750641		0.13167006
0.50000000		0.80500001		4.30000019		8.00000000		37.51468658		0.11286256
0.50000000		0.92000002		4.30000019		8.00000000		38.62845612		0.09873241
0.50000000		1.03499997		4.30000019		8.00000000		39.61409378		0.08812930
