0.50000000		0.00000000		4.30000019		8.00000000		35.99698639		0.00000000
0.50000000		0.02300000		4.30000019		8.00000000		33.70528412		4.43247890
0.50000000		0.04600000		4.30000019		8.00000000		38.79327774		2.19601798
0.50000000		0.06900000		4.30000019		8.00000000		34.54267120		1.46472490
0.50000000		0.09200000		4.30000019		8.00000000		34.64367676		1.10145605
0.50000000		0.11500000		4.30000019		8.00000000		33.40975952		0.87925184
0.50000000		0.13800000		4.30000019		8.00000000		33.68366623		0.73211920
0.50000000		0.16100000		4.30000019		8.00000000		32.79645920		0.63033581
0.50000000		0.18400000		4.30000019		8.00000000		32.90996933		0.55081207
0.50000000		0.20700000		4.30000019		8.00000000		34.07767868		0.48968217
0.50000000		0.25299999		4.30000019		8.00000000		34.93551636		0.39801395
0.50000000		0.29899999		4.30000019		8.00000000		35.41055298		0.33722839
0.50000000		0.34500000		4.30000019		8.00000000		34.43112946		0.29524952
0.50000000		0.39100000		4.30000019		8.00000000		35.44274902		0.25875506
0.50000000		0.43700001		4.30000019		8.00000000		35.84835434		0.20864031
0.50000000		0.50599998		4.30000019		8.00000000		36.05493546		0.18034726
0.50000000		0.57499999		4.30000019		8.00000000		36.50084305		0.15890191
0.50000000		0.69000000		4.30000019		8.00000000		36.31356049		0.13210735
0.50000000		0.80500001		4.30000019		8.00000000		37.60725021		0.11338630
0.50000000		0.92000002		4.30000019		8.00000000		37.83023834		0.09942529
0.50000000		1.03499997		4.30000019		8.00000000		38.48941803		0.08833133
