0.25000000		0.00000000		3.09999990		6.00000000		38.48791504		0.00000000
0.25000000		0.02300000		3.09999990		6.00000000		27.65121269		7.57306480
0.25000000		0.04600000		3.09999990		6.00000000		34.61534882		3.82214546
0.25000000		0.06900000		3.09999990		6.00000000		30.69182777		2.53891325
0.25000000		0.09200000		3.09999990		6.00000000		35.44023514		1.91169810
0.25000000		0.11500000		3.09999990		6.00000000		28.94626999		1.48514283
0.25000000		0.13800000		3.09999990		6.00000000		39.21502686		1.27762759
0.25000000		0.16100000		3.09999990		6.00000000		29.35665894		1.19156814
0.25000000		0.18400000		3.09999990		6.00000000		31.06953430		1.05660117
0.25000000		0.20700000		3.09999990		6.00000000		32.85033035		0.93836766
0.25000000		0.25299999		3.09999990		6.00000000		34.62316513		0.76962310
0.25000000		0.29899999		3.09999990		6.00000000		32.29163361		0.64274365
0.25000000		0.34500000		3.09999990		6.00000000		32.44757080		0.55981016
0.25000000		0.39100000		3.09999990		6.00000000		33.59427261		0.49373415
0.25000000		0.43700001		3.09999990		6.00000000		31.75329018		0.42609972
0.25000000		0.50599998		3.09999990		6.00000000		31.27054596		0.36362016
0.25000000		0.57499999		3.09999990		6.00000000		31.20236588		0.31952363
0.25000000		0.69000000		3.09999990		6.00000000		30.47991180		0.26444542
0.25000000		0.80500001		3.09999990		6.00000000		31.33134079		0.23005839
0.25000000		0.92000002		3.09999990		6.00000000		31.93286896		0.20230095
0.25000000		1.03499997		3.09999990		6.00000000		27.22973633		0.17283395
0.25000000		1.14999998		3.09999990		6.00000000		31.07236099		0.10834487
0.25000000		1.38000000		3.09999990		6.00000000		25.38774490		0.08540218
0.25000000		1.61000001		3.09999990		6.00000000		26.71228218		0.07425869
