0.25000000		0.00000000		4.30000019		8.00000000		38.17474365		0.00000000
0.25000000		0.02300000		4.30000019		8.00000000		31.69633484		5.54972219
0.25000000		0.04600000		4.30000019		8.00000000		27.53811646		2.77496767
0.25000000		0.06900000		4.30000019		8.00000000		32.28393936		1.84893012
0.25000000		0.09200000		4.30000019		8.00000000		32.88697815		1.38752699
0.25000000		0.11500000		4.30000019		8.00000000		33.09981155		1.11127388
0.25000000		0.13800000		4.30000019		8.00000000		35.51913452		0.92699039
0.25000000		0.16100000		4.30000019		8.00000000		34.67652893		0.79399133
0.25000000		0.18400000		4.30000019		8.00000000		36.11515427		0.69631821
0.25000000		0.20700000		4.30000019		8.00000000		35.75077438		0.61877811
0.25000000		0.25299999		4.30000019		8.00000000		36.97333908		0.50706953
0.25000000		0.29899999		4.30000019		8.00000000		37.07706070		0.42767540
0.25000000		0.34500000		4.30000019		8.00000000		38.50495529		0.37046352
0.25000000		0.39100000		4.30000019		8.00000000		38.75306702		0.32846421
0.25000000		0.43700001		4.30000019		8.00000000		40.59498215		0.29284719
0.25000000		0.50599998		4.30000019		8.00000000		40.62588120		0.25427538
0.25000000		0.57499999		4.30000019		8.00000000		41.12769318		0.22284392
0.25000000		0.69000000		4.30000019		8.00000000		41.92357635		0.18662947
0.25000000		0.80500001		4.30000019		8.00000000		42.54092407		0.15976152
0.25000000		0.92000002		4.30000019		8.00000000		43.60573959		0.14024197
0.25000000		1.03499997		4.30000019		8.00000000		43.77301788		0.12463376
