0.50000000		0.00000000		3.09999990		6.00000000		31.64688492		0.00000000
0.50000000		0.02300000		3.09999990		6.00000000		38.49199295		4.42038155
0.50000000		0.04600000		3.09999990		6.00000000		29.37394142		1.86676300
0.50000000		0.06900000		3.09999990		6.00000000		26.82980156		1.23975658
0.50000000		0.09200000		3.09999990		6.00000000		28.40422440		1.12062180
0.50000000		0.11500000		3.09999990		6.00000000		29.19175529		0.88991433
0.50000000		0.13800000		3.09999990		6.00000000		26.99503708		0.72719592
0.50000000		0.16100000		3.09999990		6.00000000		27.56404877		0.64749402
0.50000000		0.18400000		3.09999990		6.00000000		25.68872261		0.55429286
0.50000000		0.20700000		3.09999990		6.00000000		27.43075371		0.49459332
0.50000000		0.25299999		3.09999990		6.00000000		27.25917244		0.39849278
0.50000000		0.29899999		3.09999990		6.00000000		27.42089462		0.34113932
0.50000000		0.34500000		3.09999990		6.00000000		25.83795738		0.29126954
0.50000000		0.39100000		3.09999990		6.00000000		27.58689499		0.25580570
0.50000000		0.43700001		3.09999990		6.00000000		27.00216103		0.22553514
0.50000000		0.50599998		3.09999990		6.00000000		25.02940178		0.19494674
0.50000000		0.57499999		3.09999990		6.00000000		26.82763672		0.14573482
0.50000000		0.69000000		3.09999990		6.00000000		25.61960030		0.11936516
0.50000000		0.80500001		3.09999990		6.00000000		25.14440918		0.10036795
0.50000000		0.92000002		3.09999990		6.00000000		27.11180687		0.09019594
0.50000000		1.03499997		3.09999990		6.00000000		22.57566261		0.07712504
