0.50000000		0.00000000		3.09999990		6.00000000		23.62734795		0.00000000
0.50000000		0.02300000		3.09999990		6.00000000		-36.96281052		10.04144478
0.50000000		0.04600000		3.09999990		6.00000000		-29.14672089		5.00113297
0.50000000		0.06900000		3.09999990		6.00000000		-15.43027020		3.36926937
0.50000000		0.09200000		3.09999990		6.00000000		-7.62784338		2.58772922
0.50000000		0.11500000		3.09999990		6.00000000		-7.41294765		0.83267784
0.50000000		0.13800000		3.09999990		6.00000000		-2.78043199		0.69022429
0.50000000		0.16100000		3.09999990		6.00000000		-1.09505117		0.60072809
0.50000000		0.18400000		3.09999990		6.00000000		-0.02050518		0.51982105
0.50000000		0.20700000		3.09999990		6.00000000		0.68147260		0.46409598
0.50000000		0.25299999		3.09999990		6.00000000		2.11519837		0.38514945
0.50000000		0.29899999		3.09999990		6.00000000		3.48114753		0.32789496
0.50000000		0.34500000		3.09999990		6.00000000		4.59948492		0.27875033
0.50000000		0.39100000		3.09999990		6.00000000		5.22253942		0.23889060
0.50000000		0.43700001		3.09999990		6.00000000		6.81943846		0.21905595
0.50000000		0.50599998		3.09999990		6.00000000		5.20950651		0.14435688
0.50000000		0.57499999		3.09999990		6.00000000		6.43284321		0.12943098
0.50000000		0.69000000		3.09999990		6.00000000		6.87571621		0.10603693
0.50000000		0.80500001		3.09999990		6.00000000		2.37447166		0.08402244
0.50000000		0.92000002		3.09999990		6.00000000		2.97262073		0.07433107
0.50000000		1.03499997		3.09999990		6.00000000		0.75099677		0.06337842
0.50000000		1.14999998		3.09999990		6.00000000		1.40558946		0.05944178
0.50000000		1.38000000		3.09999990		6.00000000		0.68178409		0.04516764
0.50000000		1.61000001		3.09999990		6.00000000		0.54264110		0.03733951
