0.50000000		0.00000000		3.09999990		6.00000000		0.24778530		0.02232941		0.75450861		0.02429956		0.24283484		0.01340394		0.32184502		0.02056791		0.98002115		0.10356595		0.85312483		0.06105194
0.50000000		0.02300000		3.09999990		6.00000000		0.28847292		0.03008068		0.72532708		0.02801490		0.23737937		0.01295267		0.32727218		0.02187875		0.82288269		0.09684447		0.90241268		0.06967286
0.50000000		0.04600000		3.09999990		6.00000000		0.27276699		0.01765790		0.73799331		0.01915719		0.22828158		0.01077275		0.30932744		0.01666009		0.83691059		0.06704553		0.83829334		0.05012014
0.50000000		0.06900000		3.09999990		6.00000000		0.30362016		0.02234421		0.69746868		0.02100525		0.27659367		0.01184981		0.39656787		0.02076756		0.91098587		0.07757467		1.13716324		0.06869660
0.50000000		0.09200000		3.09999990		6.00000000		0.27777253		0.02905347		0.73036859		0.02965696		0.26984621		0.01442662		0.36946579		0.02480388		0.97146468		0.11411394		1.01172420		0.07937901
0.50000000		0.11500000		3.09999990		6.00000000		0.25383840		0.02727170		0.76203542		0.02400626		0.25673481		0.01382066		0.33690667		0.02101379		1.01141044		0.12154060		0.88422836		0.06178716
0.50000000		0.13800000		3.09999990		6.00000000		0.28821243		0.03252566		0.72920992		0.03225888		0.24486457		0.01303211		0.33579435		0.02323920		0.84959753		0.10600705		0.92098130		0.07564712
0.50000000		0.16100000		3.09999990		6.00000000		0.26347697		0.02406180		0.78780138		0.01986681		0.24222094		0.01345296		0.30746448		0.01875444		0.91932491		0.09826370		0.78056345		0.05152070
0.50000000		0.18400000		3.09999990		6.00000000		0.30376915		0.03192592		0.71109118		0.03082175		0.24727188		0.01364873		0.34773583		0.02440468		0.81401248		0.09663325		0.97803443		0.08067565
0.50000000		0.20700000		3.09999990		6.00000000		0.31796107		0.02739642		0.71323269		0.02637520		0.21395198		0.01266494		0.29997501		0.02093727		0.67288735		0.07034201		0.84117011		0.06644225
0.50000000		0.25300000		3.09999990		6.00000000		0.28630623		0.03211207		0.73706658		0.03088166		0.18656217		0.01167962		0.25311440		0.01906737		0.65161757		0.08369964		0.68681557		0.05920259
0.50000000		0.29900000		3.09999990		6.00000000		0.26519062		0.02751143		0.75428614		0.02618102		0.26360314		0.01380546		0.34947366		0.02195741		0.99401382		0.11551650		0.92663419		0.06651377
0.50000000		0.34500000		3.09999990		6.00000000		0.32237077		0.03351991		0.71332224		0.03729606		0.24336561		0.01349393		0.34117205		0.02600105		0.75492456		0.08895978		0.95657204		0.08840834
0.50000000		0.39100000		3.09999990		6.00000000		0.25926269		0.03263252		0.74018073		0.03356806		0.25049140		0.01316335		0.33841924		0.02349088		0.96616834		0.13178167		0.91442325		0.07581979
0.50000000		0.43700000		3.09999990		6.00000000		0.32060593		0.03415315		0.70940752		0.03479944		0.22083182		0.01250144		0.31129050		0.02331790		0.68879520		0.08309266		0.87760699		0.07858090
0.50000000		0.50600000		3.09999990		6.00000000		0.33017714		0.02256893		0.68160116		0.02850553		0.23152084		0.01298041		0.33967202		0.02375862		0.70120191		0.06199056		0.99668850		0.08122517
0.50000000		0.57500000		3.09999990		6.00000000		0.27976344		0.01817640		0.72831182		0.01957785		0.25307103		0.01144884		0.34747621		0.01828537		0.90458936		0.07161587		0.95419627		0.05638498
0.50000000		0.69000000		3.09999990		6.00000000		0.33751246		0.02631430		0.68743687		0.02359103		0.23625910		0.01094812		0.34368115		0.01981771		0.70000112		0.06348803		0.99989152		0.06709496
0.50000000		0.80500000		3.09999990		6.00000000		0.33321985		0.02315223		0.67350432		0.02112858		0.29757521		0.01213967		0.44183118		0.02273779		0.89302966		0.07195278		1.31203667		0.07907727
0.50000000		0.92000000		3.09999990		6.00000000		0.27533227		0.02264940		0.72600079		0.02183217		0.30881826		0.01237864		0.42536904		0.02131533		1.12162028		0.10263753		1.17181425		0.06848196
0.50000000		1.03500000		3.09999990		6.00000000		0.39957687		0.03345146		0.61545739		0.03175099		0.26665965		0.01159708		0.43327070		0.02923485		0.66735507		0.06295804		1.40796326		0.11958821
