0.50000000		0.00000000		4.30000019		8.00000000		0.41020448		0.00927894		0.58911966		0.00888852		5.65263043		0.07928065		9.59504639		0.19765675		13.78003084		0.36676377		32.57418525		0.83175652
0.50000000		0.02300000		4.30000019		8.00000000		0.42772522		0.00774521		0.57537389		0.00793908		5.90413068		0.08122561		10.26138101		0.19994027		13.80355992		0.31390972		35.66856700		0.85160750
0.50000000		0.04600000		4.30000019		8.00000000		0.40310663		0.00778157		0.59723219		0.00780886		6.09607662		0.08428885		10.20721366		0.19424208		15.12273980		0.35908881		34.18172612		0.78921618
0.50000000		0.06900000		4.30000019		8.00000000		0.41530856		0.00787608		0.58257523		0.00733986		5.92902991		0.08040478		10.17727765		0.18838706		14.27620461		0.33283935		34.93892992		0.78233180
0.50000000		0.09200000		4.30000019		8.00000000		0.41963780		0.00848433		0.58319064		0.00864891		6.02145127		0.07935372		10.32501356		0.20484461		14.34916305		0.34630267		35.40870802		0.87707169
0.50000000		0.11500000		4.30000019		8.00000000		0.41208012		0.00774341		0.59131833		0.00796650		5.75617582		0.08234948		9.73447901		0.19129586		13.96858418		0.32989905		32.92466541		0.78446641
0.50000000		0.13800000		4.30000019		8.00000000		0.42323909		0.00775015		0.57585161		0.00760605		6.00200853		0.08201307		10.42283892		0.19808128		14.18112992		0.32400830		36.19973905		0.83779751
0.50000000		0.16100000		4.30000019		8.00000000		0.40152823		0.00495953		0.59702277		0.00512058		5.94129384		0.05380729		9.95153651		0.12412826		14.79670261		0.22662783		33.33720953		0.50464335
0.50000000		0.18400000		4.30000019		8.00000000		0.39993288		0.00607819		0.60110544		0.00600083		5.93056935		0.05367957		9.86610497		0.13294988		14.82891179		0.26231105		32.82653705		0.55051490
0.50000000		0.20700000		4.30000019		8.00000000		0.39227212		0.00323339		0.61152942		0.00332069		5.82692382		0.05261567		9.52844403		0.10039866		14.85428999		0.18161077		31.16266785		0.36939141
0.50000000		0.25300000		4.30000019		8.00000000		0.37696464		0.00548176		0.62420502		0.00533861		5.87186018		0.05316172		9.40694158		0.11715940		15.57668710		0.26682723		30.14055076		0.45537586
0.50000000		0.29900000		4.30000019		8.00000000		0.37362060		0.00497472		0.62760491		0.00526592		5.79218670		0.05244131		9.22903337		0.11392227		15.50285689		0.24961913		29.41032854		0.43896572
0.50000000		0.34500000		4.30000019		8.00000000		0.36562239		0.00472042		0.63694642		0.00442013		5.84319480		0.05253436		9.17376184		0.10418986		15.98150166		0.25143190		28.80544261		0.38339106
0.50000000		0.39100000		4.30000019		8.00000000		0.36221324		0.00317451		0.64010546		0.00327138		5.89450546		0.05212118		9.20864738		0.09404821		16.27357817		0.20260315		28.77228196		0.32859056
0.50000000		0.43700000		4.30000019		8.00000000		0.34652806		0.00476155		0.65419237		0.00455712		6.15446910		0.05299678		9.40773599		0.10419963		17.76037756		0.28800262		28.76137486		0.37632617
0.50000000		0.50600000		4.30000019		8.00000000		0.33378028		0.00496371		0.66866551		0.00390804		6.06375138		0.05228755		9.06843754		0.09446606		18.16689507		0.31229521		27.12398783		0.32398445
0.50000000		0.57500000		4.30000019		8.00000000		0.32665306		0.00488281		0.67574002		0.00484235		6.41162066		0.05371490		9.48829502		0.10460307		19.62822776		0.33634154		28.08267895		0.36925218
0.50000000		0.69000000		4.30000019		8.00000000		0.31744932		0.00327989		0.68778210		0.00323365		6.68126644		0.05440999		9.71421971		0.09134673		21.04671808		0.27688221		28.24795730		0.29697827
0.50000000		0.80500000		4.30000019		8.00000000		0.29896432		0.00292142		0.70511993		0.00264892		6.78184832		0.05317210		9.61800681		0.08361803		22.68447360		0.28419897		27.28048479		0.25836904
0.50000000		0.92000000		4.30000019		8.00000000		0.29451625		0.00407355		0.71329272		0.00387324		7.18800656		0.05424074		10.07721841		0.09368457		24.40614568		0.38454021		28.25549200		0.30420801
0.50000000		1.03500000		4.30000019		8.00000000		0.28712739		0.00302508		0.71856310		0.00331524		7.77909753		0.05582190		10.82590727		0.09235683		27.09284414		0.34536067		30.13209891		0.29224380
