0.25000000		0.00000000		3.09999990		6.00000000		0.15472359		0.04511210		0.87973148		0.04037037		0.15628142		0.01819690		0.17764673		0.02223308		1.01006848		0.31711664		0.80773158		0.10767154
0.25000000		0.02300000		3.09999990		6.00000000		0.29573514		0.07739413		0.78710423		0.04492314		0.19556654		0.02007478		0.24846333		0.02918183		0.66128949		0.18589670		1.26267055		0.16488253
0.25000000		0.04600000		3.09999990		6.00000000		0.16967528		0.04195251		0.85055975		0.03375905		0.15061864		0.01743195		0.17708179		0.02166635		0.88768760		0.24233736		0.83277765		0.10711928
0.25000000		0.06900000		3.09999990		6.00000000		0.16536785		0.03152010		0.83378761		0.02963104		0.10846906		0.01485781		0.13009196		0.01840962		0.65592595		0.15395890		0.62410119		0.09106039
0.25000000		0.09200000		3.09999990		6.00000000		0.18067743		0.01865039		0.86532215		0.01662417		0.13316209		0.01648534		0.15388730		0.01927913		0.73701562		0.11879806		0.71135267		0.09016062
0.25000000		0.11500000		3.09999990		6.00000000		0.31808077		0.06270156		0.72327578		0.06281249		0.15075452		0.01766363		0.20843297		0.03039860		0.47395044		0.10868511		1.15271644		0.19566421
0.25000000		0.13800000		3.09999990		6.00000000		0.18370326		0.05303577		0.89376054		0.03413248		0.10962203		0.01494869		0.12265257		0.01736912		0.59673424		0.19053054		0.54892810		0.08051209
0.25000000		0.16100000		3.09999990		6.00000000		0.28862956		0.02835592		0.81748988		0.04461696		0.13278738		0.01832497		0.16243306		0.02410553		0.46006161		0.07793448		0.79478934		0.12567267
0.25000000		0.18400000		3.09999990		6.00000000		0.40918536		0.10497655		0.80493844		0.05660038		0.19765942		0.03060834		0.24555843		0.04176236		0.48305595		0.14475382		1.22025945		0.22456930
0.25000000		0.20700000		3.09999990		6.00000000		0.17089926		0.05276398		0.82538362		0.03469963		0.14004326		0.01910775		0.16967051		0.02422416		0.81944918		0.27660351		0.82226254		0.12237959
0.25000000		0.25300000		3.09999990		6.00000000		0.14362875		0.03500767		0.87500355		0.02704680		0.08665058		0.01482255		0.09902883		0.01721433		0.60329551		0.17964612		0.45270141		0.07992822
0.25000000		0.29900000		3.09999990		6.00000000		0.19339316		0.05204240		0.79058301		0.04649635		0.17922277		0.02119051		0.22669696		0.02993653		0.92672752		0.27239375		1.14698626		0.16580808
0.25000000		0.34500000		3.09999990		6.00000000		0.23444354		0.05733322		0.84012862		0.03205302		0.16917938		0.02070665		0.20137319		0.02581668		0.72162098		0.19734092		0.95877314		0.12824526
0.25000000		0.39100000		3.09999990		6.00000000		0.17546161		0.02682943		0.83679161		0.02656220		0.13021021		0.01815850		0.15560650		0.02225520		0.74210084		0.15357819		0.74382436		0.10897217
0.25000000		0.43700000		3.09999990		6.00000000		0.30537941		0.07606536		0.79382958		0.03642716		0.14336219		0.01892713		0.18059568		0.02524196		0.46945599		0.13234441		0.90999724		0.13387017
0.25000000		0.50600000		3.09999990		6.00000000		0.24042545		0.05102391		0.80083762		0.05661887		0.12554165		0.01717706		0.15676293		0.02414308		0.52216456		0.13184989		0.78299483		0.13268828
0.25000000		0.57500000		3.09999990		6.00000000		0.21176621		0.05443542		0.79464836		0.04989190		0.13034455		0.01749574		0.16402796		0.02430648		0.61551154		0.17849174		0.82566309		0.13287978
0.25000000		0.69000000		3.09999990		6.00000000		0.25068405		0.05036038		0.77466156		0.04763685		0.16613969		0.01923989		0.21446745		0.02812092		0.66274536		0.15367755		1.10741237		0.16037945
0.25000000		0.80500000		3.09999990		6.00000000		0.20093752		0.03725767		0.82962898		0.04111755		0.22729318		0.02342021		0.27396967		0.03132553		1.13116345		0.23994917		1.32092625		0.16461216
0.25000000		0.92000000		3.09999990		6.00000000		0.19713732		0.04815640		0.80921402		0.04571433		0.15129264		0.01899896		0.18696246		0.02574460		0.76744798		0.21079225		0.92416815		0.13755046
0.25000000		1.03500000		3.09999990		6.00000000		0.31149074		0.06999205		0.69508190		0.05777630		0.13600381		0.01812714		0.19566588		0.03073502		0.43662233		0.11407033		1.12600185		0.20010874
0.25000000		1.15000000		3.09999990		6.00000000		0.20792209		0.02311191		0.79213570		0.02050623		0.23442375		0.01585048		0.29593887		0.02142624		1.12745956		0.14668906		1.49438474		0.11490294
0.25000000		1.38000000		3.09999990		6.00000000		0.36541403		0.04001629		0.63955805		0.03579286		0.18853124		0.01427678		0.29478362		0.02775754		0.51593869		0.06869312		1.84367074		0.20195259
0.25000000		1.61000000		3.09999990		6.00000000		0.33680787		0.03806067		0.68980177		0.03053164		0.28915307		0.01771186		0.41918285		0.03167858		0.85851045		0.11035120		2.43074385		0.21288430
