0.25000000		0.00000000		4.30000019		8.00000000		0.32548293		0.00923053		0.67795475		0.00866690		4.50324265		0.06942268		6.64239414		0.13302807		13.83557224		0.44659505		39.19078175		0.93115336
0.25000000		0.02300000		4.30000019		8.00000000		0.31588497		0.00475190		0.68493870		0.00471497		4.67921912		0.06978039		6.83158820		0.11220847		14.81304745		0.31377382		39.89605633		0.71051430
0.25000000		0.04600000		4.30000019		8.00000000		0.31906100		0.00683336		0.68378181		0.00711985		4.62234060		0.06991636		6.75996422		0.12413464		14.48732576		0.37985534		39.54456861		0.83478075
0.25000000		0.06900000		4.30000019		8.00000000		0.29037960		0.00367818		0.70942251		0.00340084		4.30285801		0.06846583		6.06529666		0.10079407		14.81804527		0.30136785		34.19850107		0.59148971
0.25000000		0.09200000		4.30000019		8.00000000		0.30780900		0.00821499		0.69071981		0.00811317		4.51280901		0.06933241		6.53348717		0.12635230		14.66106927		0.45148396		37.83581764		0.85610310
0.25000000		0.11500000		4.30000019		8.00000000		0.30011335		0.00737858		0.69941415		0.00789683		4.47055466		0.06883551		6.39185623		0.12204304		14.89622035		0.43213258		36.55548732		0.81087375
0.25000000		0.13800000		4.30000019		8.00000000		0.27761420		0.00701190		0.72209599		0.00718933		4.19767932		0.06872008		5.81318739		0.11138506		15.12054952		0.45511617		32.20174295		0.69533434
0.25000000		0.16100000		4.30000019		8.00000000		0.28060030		0.00743890		0.71764386		0.00725726		4.34160416		0.06745715		6.04980326		0.11215418		15.47255713		0.47544446		33.72036531		0.71208326
0.25000000		0.18400000		4.30000019		8.00000000		0.27691056		0.00887533		0.72438088		0.00836346		4.31272995		0.06892629		5.95367726		0.11738390		15.57445105		0.55779792		32.87594938		0.75114967
0.25000000		0.20700000		4.30000019		8.00000000		0.27030212		0.00831002		0.72980287		0.00887705		4.01801712		0.06646846		5.50561977		0.11304789		14.86491158		0.51895724		30.17592820		0.72016574
0.25000000		0.25300000		4.30000019		8.00000000		0.24923420		0.00533220		0.75327150		0.00583824		4.19574071		0.06679830		5.57002453		0.09862764		16.83453008		0.44894251		29.57777932		0.57170363
0.25000000		0.29900000		4.30000019		8.00000000		0.24717215		0.00579956		0.75686845		0.00477871		4.08937146		0.06686260		5.40301483		0.09469891		16.54462901		0.47315232		28.55457822		0.53195992
0.25000000		0.34500000		4.30000019		8.00000000		0.24416230		0.00929953		0.75759589		0.00890247		4.20656277		0.06757010		5.55251527		0.11050836		17.22855140		0.71216230		29.31650143		0.67757925
0.25000000		0.39100000		4.30000019		8.00000000		0.21968165		0.00419773		0.78011177		0.00523975		4.01443448		0.06527217		5.14597349		0.09052829		18.27387276		0.45848546		26.38582667		0.49686291
0.25000000		0.43700000		4.30000019		8.00000000		0.20649014		0.00495748		0.79650851		0.00456970		3.80804107		0.06272219		4.78091696		0.08338670		18.44175772		0.53693449		24.00937029		0.44083418
0.25000000		0.50600000		4.30000019		8.00000000		0.19644103		0.00365532		0.80628449		0.00374063		4.14017173		0.06603224		5.13487708		0.08529138		21.07590101		0.51651958		25.47426954		0.43932782
0.25000000		0.57500000		4.30000019		8.00000000		0.19331150		0.00421132		0.80840192		0.00427207		4.16918640		0.06538004		5.15731875		0.08534442		21.56719293		0.57891279		25.51858719		0.44329710
0.25000000		0.69000000		4.30000019		8.00000000		0.17373860		0.00462938		0.82883774		0.00416207		4.03756138		0.06353341		4.87135319		0.08046216		23.23928755		0.71914191		23.50932133		0.40586181
0.25000000		0.80500000		4.30000019		8.00000000		0.17415473		0.00258025		0.83043958		0.00255017		4.39647170		0.06527432		5.29415000		0.08026585		25.24462925		0.52950113		25.50047049		0.39446950
0.25000000		0.92000000		4.30000019		8.00000000		0.16549478		0.00336418		0.83953963		0.00369660		4.62930737		0.06707992		5.51410229		0.08350825		27.97252778		0.69830350		26.27202870		0.41435164
0.25000000		1.03500000		4.30000019		8.00000000		0.17022491		0.00380771		0.83435270		0.00351461		5.02680845		0.07070387		6.02480036		0.08845968		29.53039227		0.78029240		28.88371002		0.44119584
