0.50000000		0.00000000		4.30000019		8.00000000		0.17027567		0.00395078		0.83074863		0.00442695		4.42303062		0.05488570		5.32415034		0.07190202		25.97570484		0.68347755		12.81771676		0.18609040
0.50000000		0.02300000		4.30000019		8.00000000		0.17214872		0.00335798		0.83053828		0.00249533		4.43168602		0.05400751		5.33592021		0.06697417		25.74335772		0.59210209		12.84930585		0.16583510
0.50000000		0.04600000		4.30000019		8.00000000		0.16957482		0.00359303		0.83079176		0.00361009		4.44722069		0.05352299		5.35299087		0.06849467		26.22571316		0.63906604		12.88648044		0.17413888
0.50000000		0.06900000		4.30000019		8.00000000		0.16829271		0.00376854		0.83369670		0.00356257		4.30172910		0.05378293		5.15982506		0.06817537		25.56099510		0.65555439		12.37818284		0.17189043
0.50000000		0.09200000		4.30000019		8.00000000		0.16831134		0.00376780		0.83285609		0.00403511		4.34758563		0.05393239		5.22009227		0.06951951		25.83061625		0.66109057		12.53540038		0.17764645
0.50000000		0.11500000		4.30000019		8.00000000		0.16774374		0.00369464		0.83362691		0.00381358		4.23081107		0.05305038		5.07518533		0.06774102		25.22187174		0.63923910		12.17615524		0.17180179
0.50000000		0.13800000		4.30000019		8.00000000		0.16286944		0.00359070		0.83717843		0.00325445		4.24520052		0.05259072		5.07084314		0.06583924		26.06505302		0.65915124		12.11412747		0.16418693
0.50000000		0.16100000		4.30000019		8.00000000		0.16385562		0.00342158		0.83695378		0.00359602		4.16116971		0.05174137		4.97180349		0.06540767		25.39534385		0.61719351		11.88071222		0.16442383
0.50000000		0.18400000		4.30000019		8.00000000		0.16070170		0.00375556		0.84013257		0.00420744		4.23785826		0.05343213		5.04427326		0.06843307		26.37096025		0.70025450		12.00827927		0.17365577
0.50000000		0.20700000		4.30000019		8.00000000		0.16052928		0.00410888		0.84227429		0.00431352		4.13271352		0.05260903		4.90661244		0.06732576		25.74429679		0.73594274		11.65086596		0.17063853
0.50000000		0.25300000		4.30000019		8.00000000		0.15970104		0.00361985		0.84628297		0.00323008		4.25303584		0.05304022		5.02554821		0.06554387		26.63123445		0.68896958		11.87675615		0.16139506
0.50000000		0.29900000		4.30000019		8.00000000		0.16276779		0.00362779		0.83885169		0.00341534		4.31930369		0.05319032		5.14906718		0.06678422		26.53659912		0.67572483		12.27646619		0.16688848
0.50000000		0.34500000		4.30000019		8.00000000		0.15864209		0.00294657		0.84321816		0.00295580		4.26092567		0.05327525		5.05317114		0.06561694		26.85873318		0.60136683		11.98544195		0.16120560
0.50000000		0.39100000		4.30000019		8.00000000		0.16023791		0.00297263		0.84334375		0.00244097		4.33473374		0.05251166		5.13993702		0.06401862		27.05186212		0.59937229		12.18942344		0.15586643
0.50000000		0.43700000		4.30000019		8.00000000		0.15636916		0.00279605		0.84622759		0.00266326		4.31717127		0.04711076		5.10166690		0.05794059		27.60884169		0.57834751		12.05743463		0.14209916
0.50000000		0.50600000		4.30000019		8.00000000		0.15937683		0.00326924		0.84483974		0.00275685		4.37317805		0.04753397		5.17634037		0.05874469		27.43923363		0.63698747		12.25401723		0.14470173
0.50000000		0.57500000		4.30000019		8.00000000		0.16204038		0.00288259		0.84208312		0.00252538		4.49356462		0.04823366		5.33624830		0.05947255		27.73114029		0.57616640		12.67392295		0.14627545
0.50000000		0.69000000		4.30000019		8.00000000		0.16697020		0.00321897		0.83944280		0.00325501		4.71131697		0.04836469		5.61243357		0.06158838		28.21651409		0.61629226		13.37180700		0.15562778
0.50000000		0.80500000		4.30000019		8.00000000		0.16937797		0.00216300		0.83680571		0.00217116		4.98598165		0.04863687		5.95835039		0.06014289		29.43701369		0.47304317		14.24070196		0.14841674
0.50000000		0.92000000		4.30000019		8.00000000		0.17415718		0.00224044		0.83527643		0.00217312		5.37075308		0.05044836		6.42991099		0.06267110		30.83854026		0.49122013		15.39588758		0.15531465
0.50000000		1.03500000		4.30000019		8.00000000		0.18140687		0.00326037		0.82821192		0.00293588		5.85269979		0.05245115		7.06666940		0.06810489		32.26283511		0.64793907		17.06488223		0.17523474
