0.50000000		0.00000000		4.30000019		8.00000000		0.21775427		0.00867987		0.78633519		0.00726894		6.28568339		0.14824942		7.99364377		0.20249604		28.86594835		1.33694926		20.33139015		0.54825803
0.50000000		0.02300000		4.30000019		8.00000000		0.22542104		0.00802062		0.77346463		0.00870551		7.12953869		0.14926310		9.21766605		0.21909961		31.62765402		1.30568609		23.83474473		0.62684502
0.50000000		0.04600000		4.30000019		8.00000000		0.20779354		0.00816504		0.78753466		0.00894707		6.43125517		0.14574727		8.16631384		0.20702058		30.95021763		1.40392576		20.73893200		0.57612427
0.50000000		0.06900000		4.30000019		8.00000000		0.22831167		0.01055769		0.77293214		0.01019697		6.46100706		0.13954503		8.35908702		0.21155579		28.29906599		1.44431650		21.62954945		0.61731941
0.50000000		0.09200000		4.30000019		8.00000000		0.22662250		0.01033398		0.77772722		0.00852036		6.28672129		0.14528855		8.08345280		0.20673927		27.74094015		1.41816937		20.78737267		0.57837263
0.50000000		0.11500000		4.30000019		8.00000000		0.20980438		0.00699052		0.79117292		0.00564241		6.41461281		0.14383856		8.10772544		0.19077771		30.57425620		1.22792358		20.49545739		0.50392950
0.50000000		0.13800000		4.30000019		8.00000000		0.23566387		0.00773481		0.76627472		0.00800782		6.70826090		0.15437668		8.75438101		0.22126320		28.46537714		1.14104524		22.84919685		0.62492156
0.50000000		0.16100000		4.30000019		8.00000000		0.21562655		0.00666090		0.77291405		0.00951507		6.40012201		0.14922962		8.28050929		0.21833237		29.68151166		1.14876105		21.42672718		0.62350374
0.50000000		0.18400000		4.30000019		8.00000000		0.20850366		0.00898989		0.78505244		0.00919981		6.33602853		0.14250043		8.07083474		0.20467976		30.38809253		1.47775809		20.56126269		0.57442124
0.50000000		0.20700000		4.30000019		8.00000000		0.22370713		0.00672121		0.77570758		0.00755450		6.64967063		0.14518105		8.57239349		0.20493526		29.72489329		1.10397280		22.10212635		0.57054411
0.50000000		0.25300000		4.30000019		8.00000000		0.19934411		0.00836526		0.80978977		0.00786112		6.21025311		0.14259276		7.66896954		0.19117723		31.15343125		1.49021946		18.94064307		0.50670248
0.50000000		0.29900000		4.30000019		8.00000000		0.20922822		0.00882079		0.78583942		0.00884319		6.66238177		0.15542090		8.47804474		0.21958556		31.84265430		1.53426032		21.57704108		0.60932499
0.50000000		0.34500000		4.30000019		8.00000000		0.18238525		0.00778868		0.81741720		0.00899379		5.62536475		0.13636334		6.88187715		0.18320218		30.84330886		1.51455849		16.83810214		0.48502351
0.50000000		0.39100000		4.30000019		8.00000000		0.20081294		0.00625540		0.80525409		0.00629131		6.23189017		0.13863284		7.73903575		0.18246932		31.03331050		1.18789791		19.22135105		0.47742993
0.50000000		0.43700000		4.30000019		8.00000000		0.21641972		0.00702648		0.78333505		0.00699965		6.54500153		0.14181558		8.35530276		0.19583142		30.24216733		1.18044909		21.33264107		0.53509884
0.50000000		0.50600000		4.30000019		8.00000000		0.20089011		0.00842850		0.79607614		0.00726901		6.65803950		0.14534721		8.36357122		0.19790749		33.14269416		1.56749549		21.01198816		0.53294093
0.50000000		0.57500000		4.30000019		8.00000000		0.21026834		0.00641712		0.78618758		0.00602196		7.04042856		0.14843004		8.95515106		0.20087186		33.48306552		1.24197556		22.78120710		0.53997475
0.50000000		0.69000000		4.30000019		8.00000000		0.20500016		0.00878184		0.78864082		0.00856274		7.10609219		0.14767892		9.01055588		0.21127391		34.66383752		1.65045139		22.85084829		0.59044879
0.50000000		0.80500000		4.30000019		8.00000000		0.19751017		0.00717918		0.79106362		0.00654518		7.61074372		0.15282466		9.62089970		0.20894609		38.53342788		1.60014409		24.32395952		0.56530381
0.50000000		0.92000000		4.30000019		8.00000000		0.18281479		0.00498445		0.80037890		0.00629268		7.38777079		0.14571933		9.23034175		0.19599321		40.41123210		1.35990404		23.06493020		0.52224526
0.50000000		1.03500000		4.30000019		8.00000000		0.20412502		0.00727031		0.78398561		0.00850100		8.50656201		0.15515013		10.85040586		0.23023167		41.67329519		1.66756898		27.68011503		0.65958362
