0.01000000		0.00000000		4.30000019		8.00000000		0.36691671		0.01428817		0.62563283		0.01542895		4.55290025		0.06200639		7.27727196		0.20501532		12.40853899		0.51190230		1163.18577922		43.55107469
0.01000000		0.23000000		4.30000019		8.00000000		0.12416165		0.00534507		0.85454641		0.01051390		2.13187297		0.04239205		2.49474218		0.05833561		17.17014116		0.81420704		291.93759552		7.71378532
0.01000000		0.46000000		4.30000019		8.00000000		0.04587862		0.00192279		0.93735872		0.00328063		1.52504056		0.03303083		1.62695511		0.03569529		33.24076892		1.56816964		173.56804010		3.85621856
0.01000000		0.69000000		4.30000019		8.00000000		0.02835255		0.00143796		0.95022229		0.00475276		1.52077541		0.03128233		1.60044173		0.03388032		53.63804952		2.93559166		168.42814266		3.66368598

0.02000000		0.00000000		4.30000019		8.00000000		0.43897237		0.01243521		0.55208041		0.01173852		6.25199261		0.07321098		11.32442386		0.27488554		14.24233730		0.43656898		1025.61364402		33.09570025
0.02000000		0.23000000		4.30000019		8.00000000		0.18765780		0.00468678		0.80414595		0.00636593		3.57297773		0.05412345		4.44319560		0.07594238		19.03985748		0.55615272		276.26799149		5.20382245
0.02000000		0.46000000		4.30000019		8.00000000		0.08242319		0.00291903		0.90449316		0.00513995		2.83588012		0.04433594		3.13532513		0.05215512		34.40633768		1.33195413		173.31945366		3.04670484
0.02000000		0.69000000		4.30000019		8.00000000		0.05613371		0.00161507		0.93392876		0.00269954		3.12038833		0.04357541		3.34114170		0.04764719		55.58848996		1.77781546		178.87562255		2.60277342

0.05000000		0.00000000		4.30000019		8.00000000		0.53504752		0.00678680		0.46434238		0.00694923		8.95364304		0.07527741		19.28241611		0.33099483		16.73429515		0.25465919		830.52577309		18.91397960
0.05000000		0.23000000		4.30000019		8.00000000		0.31533851		0.00509602		0.68294768		0.00490543		6.74994513		0.06281235		9.88354651		0.11618356		21.40539421		0.39917194		289.43787926		3.98728867
0.05000000		0.46000000		4.30000019		8.00000000		0.16686066		0.00316743		0.82846343		0.00336317		5.88505176		0.05180530		7.10357458		0.06886076		35.26925865		0.73798281		171.48794328		1.80225475
0.05000000		0.69000000		4.30000019		8.00000000		0.12044374		0.00189722		0.87327406		0.00209333		6.39720380		0.05148928		7.32553973		0.06152057		53.11362791		0.93953489		167.77183656		1.46523617

0.10000000		0.00000000		4.30000019		8.00000000		0.60731344		0.00587590		0.39312575		0.00580450		12.10832220		0.08944190		30.80012463		0.50850084		19.93751729		0.24269398		783.46747629		17.35297212
0.10000000		0.23000000		4.30000019		8.00000000		0.43354249		0.00305091		0.56506674		0.00314504		10.14516095		0.07724926		17.95391620		0.16933598		23.40061489		0.24262363		317.73089032		3.47962457
0.10000000		0.46000000		4.30000019		8.00000000		0.28308350		0.00363349		0.71130312		0.00354893		10.03510995		0.06637702		14.10806405		0.11688841		35.44929259		0.51186994		198.34109363		1.91826085
0.10000000		0.69000000		4.30000019		8.00000000		0.20444110		0.00216362		0.78614815		0.00234104		11.10248295		0.06416868		14.12263451		0.09182131		54.30651236		0.65485389		179.64342144		1.28466969

0.20000000		0.00000000		4.30000019		8.00000000		0.66351559		0.00483523		0.33522879		0.00492922		15.86984569		0.10144005		47.34034206		0.75902125		23.91781869		0.23184519		706.09002641		15.36090493
0.20000000		0.23000000		4.30000019		8.00000000		0.53948187		0.00395852		0.45930807		0.00416354		14.94945614		0.09058538		32.54777597		0.35488669		27.71076650		0.26370051		354.31312510		5.02398609
0.20000000		0.46000000		4.30000019		8.00000000		0.40619312		0.00313634		0.58926681		0.00325767		14.79822542		0.07566330		25.11294590		0.18910804		36.43150207		0.33738255		213.08637494		1.99059758
0.20000000		0.69000000		4.30000019		8.00000000		0.33237950		0.00319141		0.65763334		0.00308699		17.01299150		0.07411971		25.87002595		0.16567924		51.18544177		0.53969226		196.69034476		1.56179469

0.50000000		0.00000000		4.30000019		8.00000000		0.74716745		0.00315661		0.25137591		0.00305444		23.77653267		0.12526952		94.58556678		1.25268625		31.82222753		0.21490497		752.54281745		13.52581190
0.50000000		0.23000000		4.30000019		8.00000000		0.68674042		0.00406824		0.31104789		0.00408603		23.21928728		0.11402640		74.64859389		1.04689219		33.81086471		0.26016785		479.98136229		9.22318853
0.50000000		0.46000000		4.30000019		8.00000000		0.60473930		0.00267888		0.39191769		0.00289020		23.52435719		0.09965854		60.02371912		0.51048492		38.89999721		0.23843584		306.30778371		3.44801702
0.50000000		0.69000000		4.30000019		8.00000000		0.54752011		0.00258183		0.44642574		0.00245272		25.67429919		0.09104859		57.51079480		0.37607695		46.89197519		0.27667140		257.64999415		2.20056555
