0.500000000000		0.000000000000		18.715221405029		0.326767623425		0.000000000000		0.000000000000
0.500000000000		0.023000000045		5.124506473541		0.198876991868		3.214716196060		0.261790424585
0.500000000000		0.046000000089		6.377870082855		0.268360257149		3.392640113831		0.149466425180
0.500000000000		0.068999998271		8.549169540405		0.363060802221		3.437991857529		0.118058197200
0.500000000000		0.092000000179		18.759948730469		1.130033135414		17.554449081421		0.135808706284
0.500000000000		0.115000002086		18.787599563599		1.379546046257		17.428964614868		0.108731806278
0.500000000000		0.137999996543		18.796436309814		1.660128474236		17.597522735596		0.090632781386
0.500000000000		0.160999998450		19.109346389771		1.937119007111		17.567861557007		0.078365787864
0.500000000000		0.184000000358		19.307001113892		2.211075544357		17.364158630371		0.068943165243
0.500000000000		0.207000002265		19.000726699829		2.450978517532		17.433610916138		0.060766708106
0.500000000000		0.252999991179		18.826215744019		2.948089838028		17.303489685059		0.049478039145
0.500000000000		0.298999994993		18.218036651611		3.432747125626		17.369293212891		0.041141673923
0.500000000000		0.344999998808		18.063371658325		3.902789115906		17.164312362671		0.035496644676
0.500000000000		0.391000002623		19.160427093506		4.542197227478		17.133321762085		0.032313454896
0.500000000000		0.437000006437		18.833175659180		5.001389026642		17.017284393311		0.028651207685
0.500000000000		0.505999982357		18.029010772705		5.580001831055		16.857875823975		0.024175005034
0.500000000000		0.574999988079		18.637153625488		6.409137725830		16.742216110229		0.021648835391
0.500000000000		0.689999997616		17.667470932007		7.340469837189		16.463621139526		0.017536096275
0.500000000000		0.805000007153		16.679870605469		8.149845123291		16.191038131714		0.014589901082
0.500000000000		0.920000016689		16.176294326782		8.955277442932		15.859416007996		0.012553443201
0.500000000000		1.034999966621		15.626214027405		9.660699844360		15.524280548096		0.010958337225
0.500000000000		1.149999976158		15.403453826904		10.405942916870		15.201901435852		0.009787192568
0.500000000000		1.379999995232		14.079938888550		11.235156059265		14.443975448608		0.007767702918
0.500000000000		1.610000014305		12.906902313232		11.730527877808		13.660980224609		0.006341715343
