0.500000000000		0.000000000000		70.535133361816		1.370378851891		0.000000000000		0.000000000000
0.500000000000		0.023000000045		71.364051818848		2.208963394165		69.824234008789		1.533380627632
0.500000000000		0.046000000089		74.592285156250		3.696067094803		71.475074768066		0.732674181461
0.500000000000		0.068999998271		69.928688049316		4.732612133026		66.191001892090		0.472720175982
0.500000000000		0.092000000179		71.953498840332		6.840940952301		67.436172485352		0.386459887028
0.500000000000		0.115000002086		71.826225280762		8.544968605042		68.167030334473		0.307424336672
0.500000000000		0.137999996543		66.833190917969		9.874023437500		68.269767761230		0.247715696692
0.500000000000		0.160999998450		68.108207702637		11.417572021484		67.002143859863		0.213938131928
0.500000000000		0.184000000358		63.425315856934		12.526525497437		67.201751708984		0.181161195040
0.500000000000		0.207000002265		65.444396972656		14.042944908142		66.308532714844		0.162609234452
0.500000000000		0.252999991179		57.438148498535		15.712700843811		64.532211303711		0.125266119838
0.500000000000		0.298999994993		62.615703582764		19.035976409912		63.447689056396		0.110739052296
0.500000000000		0.344999998808		56.665210723877		20.499555587769		62.375823974609		0.091138817370
0.500000000000		0.391000002623		53.660312652588		21.582485198975		59.959590911865		0.078109949827
0.500000000000		0.437000006437		50.606529235840		22.755186080933		58.450393676758		0.067796729505
0.500000000000		0.505999982357		46.163417816162		24.179296493530		56.189956665039		0.056022867560
0.500000000000		0.574999988079		41.638130187988		23.143880844116		53.694087982178		0.043576713651
0.500000000000		0.689999997616		35.339138031006		23.526058197021		49.770648956299		0.033380497247
0.500000000000		0.805000007153		31.898876190186		24.158926010132		46.328323364258		0.027154922485
0.500000000000		0.920000016689		28.097635269165		23.821695327759		42.872467041016		0.022260835394
0.500000000000		1.034999966621		25.792337417603		24.015111923218		40.496498107910		0.018909452483
0.500000000000		1.149999976158		23.917724609375		23.681972503662		37.710723876953		0.016358342022
0.500000000000		1.379999995232		19.937551498413		22.566759109497		33.423847198486		0.012383509427
0.500000000000		1.610000014305		17.965148925781		22.336105346680		30.267724990845		0.010065355338
