0.250000000000		0.000000000000		77.019447326660		1.499714851379		0.000000000000		0.000000000000
0.250000000000		0.023000000045		77.882247924805		2.322078466415		70.124458312988		1.614116549492
0.250000000000		0.046000000089		74.702194213867		4.021524906158		75.405151367188		0.783396780491
0.250000000000		0.068999998271		75.824348449707		5.884588718414		74.151885986328		0.529868364334
0.250000000000		0.092000000179		74.467247009277		7.591546058655		72.900581359863		0.394502550364
0.250000000000		0.115000002086		72.311653137207		9.142992019653		72.362358093262		0.309832096100
0.250000000000		0.137999996543		73.855842590332		11.059888839722		72.660217285156		0.260415643454
0.250000000000		0.160999998450		69.834060668945		12.184933662415		70.773468017578		0.217300280929
0.250000000000		0.184000000358		68.741096496582		13.865206718445		70.766654968262		0.189548268914
0.250000000000		0.207000002265		66.051544189453		15.056762695312		69.787376403809		0.164612576365
0.250000000000		0.252999991179		65.715782165527		17.735437393188		67.827667236328		0.134149387479
0.250000000000		0.298999994993		60.932502746582		19.886535644531		66.972831726074		0.109220646322
0.250000000000		0.344999998808		58.392101287842		21.706529617310		64.731460571289		0.092675626278
0.250000000000		0.391000002623		52.824954986572		22.755784988403		63.272388458252		0.077610291541
0.250000000000		0.437000006437		49.041919708252		23.145759582520		61.400524139404		0.065220437944
0.250000000000		0.505999982357		45.163692474365		24.387928009033		58.791553497314		0.053682703525
0.250000000000		0.574999988079		41.179363250732		25.115964889526		56.096691131592		0.045045722276
0.250000000000		0.689999997616		35.290241241455		25.845169067383		52.026992797852		0.034738700837
0.250000000000		0.805000007153		29.104640960693		25.231498718262		48.123264312744		0.027093011886
0.250000000000		0.920000016689		26.726524353027		25.407876968384		44.660293579102		0.022652003914
0.250000000000		1.034999966621		23.501605987549		24.946342468262		41.983634948730		0.018877118826
0.250000000000		1.149999976158		20.971607208252		22.996957778931		38.905536651611		0.015233295970
0.250000000000		1.379999995232		17.563594818115		22.175561904907		34.631916046143		0.011593609117
0.250000000000		1.610000014305		15.849188804626		21.707822799683		31.039457321167		0.009404670447
