0.250000000000		0.000000000000		31.797780990601		0.553425073624		0.000000000000		0.000000000000
0.250000000000		0.023000000045		31.967226028442		0.772949814796		25.682735443115		0.717270731926
0.250000000000		0.046000000089		32.160083770752		1.207622408867		26.192335128784		0.359749943018
0.250000000000		0.068999998271		31.640666961670		1.648970007896		25.706315994263		0.237827107310
0.250000000000		0.092000000179		30.749494552612		2.144382238388		26.075132369995		0.175755813718
0.250000000000		0.115000002086		31.628799438477		2.664919614792		25.750253677368		0.142667859793
0.250000000000		0.137999996543		32.178401947021		3.218426227570		25.924955368042		0.119953125715
0.250000000000		0.160999998450		32.230514526367		3.709387540817		25.732465744019		0.102902211249
0.250000000000		0.184000000358		31.261056900024		4.239842414856		26.186393737793		0.088631793857
0.250000000000		0.207000002265		30.402570724487		4.634778022766		25.750343322754		0.077655643225
0.250000000000		0.252999991179		31.729310989380		5.736490726471		25.622262954712		0.064954683185
0.250000000000		0.298999994993		30.938398361206		6.660396575928		25.619432449341		0.054247274995
0.250000000000		0.344999998808		30.583005905151		7.533055305481		25.264884948730		0.046737283468
0.250000000000		0.391000002623		31.167156219482		8.605945587158		25.244506835938		0.041642263532
0.250000000000		0.437000006437		30.425121307373		9.419920921326		25.078264236450		0.036803096533
0.250000000000		0.505999982357		28.708225250244		10.481835365295		24.907558441162		0.030834384263
0.250000000000		0.574999988079		28.814567565918		11.768769264221		24.590822219849		0.027193380520
0.250000000000		0.689999997616		28.005884170532		13.611136436462		24.132518768311		0.022330855951
0.250000000000		0.805000007153		27.669969558716		15.367415428162		23.614690780640		0.019017821178
0.250000000000		0.920000016689		25.397363662720		16.243848800659		22.983676910400		0.015906661749
0.250000000000		1.034999966621		24.292457580566		17.280950546265		22.341779708862		0.013834003359
0.250000000000		1.149999976158		23.391944885254		18.104967117310		21.630109786987		0.012196848169
0.250000000000		1.379999995232		21.125261306763		19.017581939697		20.272176742554		0.009625191800
0.250000000000		1.610000014305		18.873981475830		19.168962478638		18.875453948975		0.007782376837
